10
0.4180420000 0.0000116730 12.0911250000
0.2756250000 0.0000110422 11.3180000000
0.0435410000 0.0000142345 14.2782510000
510
0.5598330000 0.0007450466 745.6087080000
29.5142910000 0.0000309680 60.4824580000
1.3760410000 0.0000413377 42.7139580000
1010
0.2686250000 0.0008668638 867.1350820000
324.4107080000 0.0000355989 360.0098330000
2.9510830000 0.0000447615 47.7128340000
1510
0.2556670000 0.0018137876 1814.0487920000
922.4777080000 0.0000368412 959.3192080000
4.5124580000 0.0000485924 53.1051250000
2010
0.2277080000 0.0014574638 1457.6960420000
2376.8065000000 0.0000419988 2418.8055420000
6.3041670000 0.0000513770 57.6814170000
2510
0.2375420000 0.0000037746 4.0121853750
4.6282540000 0.0000414465 46.0749620000
8.6367500000 0.0000535820 62.2189160000
3010
0.2501660000 0.0000047593 5.0095145830
8.1118929580 0.0000415398 49.6518930000
10.7465420000 0.0000543452 65.0919580000
3510
0.2266670000 0.0029011615 2901.3971250000
12.8857423330 0.0000441491 57.0350344170
12.2738750000 0.0000558360 68.1101660000
4010
0.2338750000 0.0000056958 5.9296960410
19.2083172910 0.0000441283 63.3367752910
14.7202910000 0.0000567698 71.4904170000
