10
0.0001670000 0.0000177797 0.0181250000
0.0074170000 0.0000135424 0.0210420000
0.0235830000 0.0000223908 0.0461250000
510
0.0001250000 0.0013341226 1.3383740000
33.5072920000 0.0000411266 33.5486670000
1.3386660000 0.0000725324 1.4115830000
1010
0.0001250000 0.0011055174 1.1090000000
271.6985830000 0.0000469840 271.7458750000
2.9692090000 0.0000731555 3.0427080000
1510
0.0002080000 0.0031669990 3.1769170000
1184.4592500000 0.0000536301 1184.5131660000
5.1050830000 0.0000898973 5.1954170000
2010
0.0002080000 0.0016938764 1.6993750000
2764.2622080000 0.0000661765 2764.3287500000
7.6682910000 0.0001001167 7.7687910000
2510
0.0002080000 0.0072748833 7.2970000000
4.6395344580 0.0000534227 4.6931595000
7.9839580000 0.0000900219 8.0744170000
3010
0.0001250000 0.0093592971 9.3875410000
8.1269877080 0.0000534227 8.1806547080
9.6690000000 0.0000882772 9.7576680000
3510
0.0001250000 0.0035890249 3.6000430000
12.9051310420 0.0000623131 12.9676730830
11.4784590000 0.0000983300 11.5772910000
4010
0.0001250000 0.0106471426 10.6792920000
19.2647593750 0.0000593220 19.3243424590
13.2799580000 0.0000999501 13.3803330000
