10
0.0000830000 0.0000416154 0.0008340000
0.0085840000 0.0000480769 0.0092910000
0.0209170000 0.0000673077 0.0219580000
510
0.0000420000 0.0011025385 0.0145420000
29.8668750000 0.0000993077 29.8682910000
1.2654170000 0.0001474615 1.2674590000
1010
0.0000420000 0.0009903846 0.0129990000
245.2181670000 0.0003621538 245.2229580000
2.9292080000 0.0002307692 2.9323340000
1510
0.0015000000 0.0025961538 0.0352500000
873.5740000000 0.0001794615 873.5765420000
4.4062500000 0.0001986923 4.4089170000
2010
0.0000420000 0.0015063846 0.0197510000
2343.5143340000 0.0003782308 2343.5193750000
6.2522500000 0.0002211538 6.2552500000
2510
0.0000420000 0.0058333077 0.0760420000
5.2204721250 0.0008910769 5.2321802080
13.5061670000 0.0007276154 13.5157910000
3010
0.0002920000 0.0140064615 0.1826240000
8.6491515410 0.0002307692 8.6522356250
9.5439580000 0.0008846154 9.5557920000
3510
0.0000420000 0.0033365385 0.0435820000
13.7555546250 0.0006923077 13.7645547080
11.4952500000 0.0003877692 11.5004580000
4010
0.0002500000 0.0086666923 0.1130410000
21.1422126250 0.0004968462 21.1486716660
13.3195830000 0.0004230769 13.3252080000
